Unsolved puzzle #1: 
  1 7 3 6 9 8 2 5 
6 3 2 1 5 8 9 4 7 
9 5 8 7 2 4 3 1 6 
8 2 5 4 3 7 1 6 9 
7 9 1 5 8 6 4 3 2 
3 4 6 9 1 2 7 5 8 
2 8 9 6 4 3 5 7 1 
5 7 3 2 9 1 6 8 4 
1 6 4 8 7 5 2 9 3 
Solved puzzle: 
4 1 7 3 6 9 8 2 5 
6 3 2 1 5 8 9 4 7 
9 5 8 7 2 4 3 1 6 
8 2 5 4 3 7 1 6 9 
7 9 1 5 8 6 4 3 2 
3 4 6 9 1 2 7 5 8 
2 8 9 6 4 3 5 7 1 
5 7 3 2 9 1 6 8 4 
1 6 4 8 7 5 2 9 3 
------------------
Unsolved puzzle #2: 
4   7 3 6 9 8 2 5 
6 3 2 1 5 8 9 4 7 
9 5 8 7 2 4 3 1 6 
8 2 5 4 3 7 1 6 9 
7 9 1 5 8 6 4 3 2 
3 4 6 9 1 2 7 5 8 
2 8 9 6 4 3 5 7 1 
5 7 3 2 9 1 6 8 4 
1 6 4 8 7 5 2 9 3 
Solved puzzle: 
4 1 7 3 6 9 8 2 5 
6 3 2 1 5 8 9 4 7 
9 5 8 7 2 4 3 1 6 
8 2 5 4 3 7 1 6 9 
7 9 1 5 8 6 4 3 2 
3 4 6 9 1 2 7 5 8 
2 8 9 6 4 3 5 7 1 
5 7 3 2 9 1 6 8 4 
1 6 4 8 7 5 2 9 3 
------------------
Unsolved puzzle #3: 
    7 3 6 9 8 2 5 
6 3 2 1 5 8 9 4 7 
9 5 8 7 2 4 3 1 6 
8 2 5 4 3 7 1 6 9 
7 9 1 5 8 6 4 3 2 
3 4 6 9 1 2 7 5 8 
2 8 9 6 4 3 5 7 1 
5 7 3 2 9 1 6 8 4 
1 6 4 8 7 5 2 9 3 
Solved puzzle: 
4 1 7 3 6 9 8 2 5 
6 3 2 1 5 8 9 4 7 
9 5 8 7 2 4 3 1 6 
8 2 5 4 3 7 1 6 9 
7 9 1 5 8 6 4 3 2 
3 4 6 9 1 2 7 5 8 
2 8 9 6 4 3 5 7 1 
5 7 3 2 9 1 6 8 4 
1 6 4 8 7 5 2 9 3 
------------------
Unsolved puzzle #4: 
  1 7 3 6 9 8 2 5 
6 3 2 1 5 8 9 4 7 
9 5 8 7 2 4 3 1 6 
8 2 5 4 3 7 1 6 9 
7 9 1 5 8 6 4 3 2 
3 4 6 9 1 2 7 5 8 
2 8 9 6 4 3 5 7 1 
5 7 3 2 9 1 6 8 4 
1 6 4 8 7 5 2 9   
Solved puzzle: 
4 1 7 3 6 9 8 2 5 
6 3 2 1 5 8 9 4 7 
9 5 8 7 2 4 3 1 6 
8 2 5 4 3 7 1 6 9 
7 9 1 5 8 6 4 3 2 
3 4 6 9 1 2 7 5 8 
2 8 9 6 4 3 5 7 1 
5 7 3 2 9 1 6 8 4 
1 6 4 8 7 5 2 9 3 
------------------
Unsolved puzzle #5: 
8 1 4 9 7 6 5 3 2 
6 5 9 1 2 3 4 7 8 
7 3   8 5 4 1 6 9 
9 4 8 2 6 5 3 1 7 
2 7 5 3 4 1 8 9 6 
1 6 3 7 9 8 2 4 5 
3 9 1 6 8 2 7 5 4 
5 8 7 4 3 9 6 2 1 
4 2 6 5 1 7 9 8 3 
Solved puzzle: 
8 1 4 9 7 6 5 3 2 
6 5 9 1 2 3 4 7 8 
7 3 2 8 5 4 1 6 9 
9 4 8 2 6 5 3 1 7 
2 7 5 3 4 1 8 9 6 
1 6 3 7 9 8 2 4 5 
3 9 1 6 8 2 7 5 4 
5 8 7 4 3 9 6 2 1 
4 2 6 5 1 7 9 8 3 
------------------
Unsolved puzzle #6: 
8 1 4 9 7 6 5 3 2 
6 5 9 1 2 3 4 7 8 
  3   8 5 4 1 6 9 
9 4 8 2 6 5 3 1 7 
2 7 5 3 4 1 8 9 6 
1 6 3 7 9 8 2 4 5 
3 9 1 6 8 2 7 5 4 
5 8 7 4 3 9 6 2 1 
4 2 6 5 1 7 9 8 3 
Solved puzzle: 
8 1 4 9 7 6 5 3 2 
6 5 9 1 2 3 4 7 8 
7 3 2 8 5 4 1 6 9 
9 4 8 2 6 5 3 1 7 
2 7 5 3 4 1 8 9 6 
1 6 3 7 9 8 2 4 5 
3 9 1 6 8 2 7 5 4 
5 8 7 4 3 9 6 2 1 
4 2 6 5 1 7 9 8 3 
------------------
Unsolved puzzle #7: 
8 1 4 9 7 6 5 3 2 
6 5   1 2 3 4 7 8 
  3   8 5 4 1 6 9 
9 4 8 2 6 5 3 1 7 
2 7 5 3 4 1 8 9 6 
1 6 3 7 9 8 2 4 5 
3 9 1 6 8 2 7 5 4 
5 8 7 4 3 9 6 2 1 
4 2 6 5 1 7 9 8 3 
Solved puzzle: 
8 1 4 9 7 6 5 3 2 
6 5 9 1 2 3 4 7 8 
7 3 2 8 5 4 1 6 9 
9 4 8 2 6 5 3 1 7 
2 7 5 3 4 1 8 9 6 
1 6 3 7 9 8 2 4 5 
3 9 1 6 8 2 7 5 4 
5 8 7 4 3 9 6 2 1 
4 2 6 5 1 7 9 8 3 
------------------
Unsolved puzzle #8: 
8 1 4 9 7 6 5 3 2 
  5   1 2 3 4 7 8 
  3   8 5 4 1 6 9 
9 4 8 2 6 5 3 1 7 
2 7 5 3 4 1 8 9 6 
1 6 3 7 9 8 2 4 5 
3 9 1 6 8 2 7 5 4 
5 8 7 4 3 9 6 2 1 
4 2 6 5 1 7 9 8 3 
Solved puzzle: 
8 1 4 9 7 6 5 3 2 
6 5 9 1 2 3 4 7 8 
7 3 2 8 5 4 1 6 9 
9 4 8 2 6 5 3 1 7 
2 7 5 3 4 1 8 9 6 
1 6 3 7 9 8 2 4 5 
3 9 1 6 8 2 7 5 4 
5 8 7 4 3 9 6 2 1 
4 2 6 5 1 7 9 8 3 
------------------
Unsolved puzzle #9: 
8 1   9 7 6 5 3 2 
  5   1 2 3 4 7 8 
  3   8 5 4 1 6 9 
9 4 8 2 6 5 3 1 7 
2 7 5 3 4 1 8 9 6 
1 6 3 7 9 8 2 4 5 
3 9 1 6 8 2 7 5 4 
5 8 7 4 3 9 6 2 1 
4 2 6 5 1 7 9 8 3 
Solved puzzle: 
8 1 4 9 7 6 5 3 2 
6 5 9 1 2 3 4 7 8 
7 3 2 8 5 4 1 6 9 
9 4 8 2 6 5 3 1 7 
2 7 5 3 4 1 8 9 6 
1 6 3 7 9 8 2 4 5 
3 9 1 6 8 2 7 5 4 
5 8 7 4 3 9 6 2 1 
4 2 6 5 1 7 9 8 3 
------------------
Unsolved puzzle #10: 
8     9 7 6 5 3 2 
  5   1 2 3 4 7 8 
  3   8 5 4 1 6 9 
9 4 8 2 6 5 3 1 7 
2 7 5 3 4 1 8 9 6 
1 6 3 7 9 8 2 4 5 
3 9 1 6 8 2 7 5 4 
5 8 7 4 3 9 6 2 1 
4 2 6 5 1 7 9 8 3 
Solved puzzle: 
8 1 4 9 7 6 5 3 2 
6 5 9 1 2 3 4 7 8 
7 3 2 8 5 4 1 6 9 
9 4 8 2 6 5 3 1 7 
2 7 5 3 4 1 8 9 6 
1 6 3 7 9 8 2 4 5 
3 9 1 6 8 2 7 5 4 
5 8 7 4 3 9 6 2 1 
4 2 6 5 1 7 9 8 3 
------------------
Unsolved puzzle #11: 
      9 7 6 5 3 2 
  5   1 2 3 4 7 8 
  3   8 5 4 1 6 9 
9 4 8 2 6 5 3 1 7 
2 7 5 3 4 1 8 9 6 
1 6 3 7 9 8 2 4 5 
3 9 1 6 8 2 7 5 4 
5 8 7 4 3 9 6 2 1 
4 2 6 5 1 7 9 8 3 
Solved puzzle: 
8 1 4 9 7 6 5 3 2 
6 5 9 1 2 3 4 7 8 
7 3 2 8 5 4 1 6 9 
9 4 8 2 6 5 3 1 7 
2 7 5 3 4 1 8 9 6 
1 6 3 7 9 8 2 4 5 
3 9 1 6 8 2 7 5 4 
5 8 7 4 3 9 6 2 1 
4 2 6 5 1 7 9 8 3 
------------------
Unsolved puzzle #12: 
    3   2   6     
9     3   5     1 
    1 8   6 4     
    8 1   2 9     
7               8 
    6 7   8 2     
    2 6   9 5     
8     2   3     9 
    5   1   3     
Solved puzzle: 
4 8 3 9 2 1 6 5 7 
9 6 7 3 4 5 8 2 1 
2 5 1 8 7 6 4 9 3 
5 4 8 1 3 2 9 7 6 
7 2 9 5 6 4 1 3 8 
1 3 6 7 9 8 2 4 5 
3 7 2 6 8 9 5 1 4 
8 1 4 2 5 3 7 6 9 
6 9 5 4 1 7 3 8 2 
------------------
Unsolved puzzle #13: 
2       8   3     
  6     7     8 4 
  3   5     2   9 
      1   5 4   8 
                  
4   2 7   6       
3   1     7   4   
7 2     4     6   
    4   1       3 
Solved puzzle: 
2 4 5 9 8 1 3 7 6 
1 6 9 2 7 3 5 8 4 
8 3 7 5 6 4 2 1 9 
9 7 6 1 2 5 4 3 8 
5 1 3 4 9 8 6 2 7 
4 8 2 7 3 6 9 5 1 
3 9 1 6 5 7 8 4 2 
7 2 8 3 4 9 1 6 5 
6 5 4 8 1 2 7 9 3 
------------------
Unsolved puzzle #14: 
            9   7 
      4 2   1 8   
      7   5   2 6 
1     9   4       
  5           4   
      5   7     9 
9 2   1   8       
  3 4   5 9       
5   7             
Solved puzzle: 
4 6 2 8 3 1 9 5 7 
7 9 5 4 2 6 1 8 3 
3 8 1 7 9 5 4 2 6 
1 7 3 9 8 4 2 6 5 
6 5 9 3 1 2 7 4 8 
2 4 8 5 6 7 3 1 9 
9 2 6 1 7 8 5 3 4 
8 3 4 2 5 9 6 7 1 
5 1 7 6 4 3 8 9 2 
------------------
Unsolved puzzle #15: 
  3     5     4   
    8   1   5     
4 6           1 2 
  7   5   2   8   
      6   3       
  4   1   9   3   
2 5           9 8 
    1   2   6     
  8     6     2   
Solved puzzle: 
1 3 7 2 5 6 8 4 9 
9 2 8 3 1 4 5 6 7 
4 6 5 8 9 7 3 1 2 
6 7 3 5 4 2 9 8 1 
8 1 9 6 7 3 2 5 4 
5 4 2 1 8 9 7 3 6 
2 5 6 7 3 1 4 9 8 
3 9 1 4 2 8 6 7 5 
7 8 4 9 6 5 1 2 3 
------------------
Unsolved puzzle #16: 
  2   8 1   7 4   
7         3 1     
  9       2 8   5 
    9   4     8 7 
4     2   8     3 
1 6     3   2     
3   2 7       6   
    5 6         8 
  7 6   5 1   9   
Solved puzzle: 
5 2 3 8 1 6 7 4 9 
7 8 4 5 9 3 1 2 6 
6 9 1 4 7 2 8 3 5 
2 3 9 1 4 5 6 8 7 
4 5 7 2 6 8 9 1 3 
1 6 8 9 3 7 2 5 4 
3 4 2 7 8 9 5 6 1 
9 1 5 6 2 4 3 7 8 
8 7 6 3 5 1 4 9 2 
------------------
Unsolved puzzle #17: 
1     9 2         
5 2 4   1         
              7   
  5       8 1   2 
                  
4   2 7       9   
  6               
        3   9 4 5 
        7 1     6 
Solved puzzle: 
1 7 6 9 2 3 5 8 4 
5 2 4 8 1 7 6 3 9 
8 9 3 6 5 4 2 7 1 
9 5 7 3 4 8 1 6 2 
6 3 8 1 9 2 4 5 7 
4 1 2 7 6 5 3 9 8 
2 6 5 4 8 9 7 1 3 
7 8 1 2 3 6 9 4 5 
3 4 9 5 7 1 8 2 6 
------------------
Unsolved puzzle #18: 
  4 3   8   2 5   
6                 
          1   9 4 
9         4   7   
      6   8       
  1   2         3 
8 2   5           
                5 
  3 4   9   7 1   
Solved puzzle: 
1 4 3 9 8 6 2 5 7 
6 7 9 4 2 5 3 8 1 
2 8 5 7 3 1 6 9 4 
9 6 2 3 5 4 1 7 8 
3 5 7 6 1 8 9 4 2 
4 1 8 2 7 9 5 6 3 
8 2 1 5 6 7 4 3 9 
7 9 6 1 4 3 8 2 5 
5 3 4 8 9 2 7 1 6 
------------------
Unsolved puzzle #19: 
4 8       6 9   2 
    2     8     1 
9     3 7     6   
8 4     1   2     
    3 7   4 1     
    1   6     4 9 
  2     8 5     7 
7     9     6     
6   9 2       1 8 
Solved puzzle: 
4 8 7 1 5 6 9 3 2 
3 6 2 4 9 8 7 5 1 
9 1 5 3 7 2 8 6 4 
8 4 6 5 1 9 2 7 3 
5 9 3 7 2 4 1 8 6 
2 7 1 8 6 3 5 4 9 
1 2 4 6 8 5 3 9 7 
7 3 8 9 4 1 6 2 5 
6 5 9 2 3 7 4 1 8 
------------------
Unsolved puzzle #20: 
      9         2 
  5   1 2 3 4     
  3         1 6   
9   8             
  7           9   
            2   5 
  9 1         5   
    7 4 3 9   2   
4         7       
Solved puzzle: 
8 1 4 9 7 6 5 3 2 
6 5 9 1 2 3 4 7 8 
7 3 2 8 5 4 1 6 9 
9 4 8 2 6 5 3 1 7 
2 7 5 3 4 1 8 9 6 
1 6 3 7 9 8 2 4 5 
3 9 1 6 8 2 7 5 4 
5 8 7 4 3 9 6 2 1 
4 2 6 5 1 7 9 8 3 
------------------
Unsolved puzzle #21: 
    1 9         3 
9     7     1 6   
  3       5     7 
  5             9 
    4 3   2 6     
2             7   
6     1       3   
  4 2     7     6 
5         6 8     
Solved puzzle: 
7 6 1 9 2 8 4 5 3 
9 2 5 7 4 3 1 6 8 
4 3 8 6 1 5 9 2 7 
3 5 7 4 6 1 2 8 9 
8 9 4 3 7 2 6 1 5 
2 1 6 5 8 9 3 7 4 
6 8 9 1 5 4 7 3 2 
1 4 2 8 3 7 5 9 6 
5 7 3 2 9 6 8 4 1 
------------------
Unsolved puzzle #22: 
      1 2 5 4     
    8 4           
4 2   8           
  3           9 5 
  6   9   2   1   
5 1           6   
          3   4 9 
          7 2     
    1 2 9 8       
Solved puzzle: 
9 7 6 1 2 5 4 3 8 
1 5 8 4 3 6 9 2 7 
4 2 3 8 7 9 1 5 6 
2 3 4 7 6 1 8 9 5 
8 6 7 9 5 2 3 1 4 
5 1 9 3 8 4 7 6 2 
7 8 2 5 1 3 6 4 9 
3 9 5 6 4 7 2 8 1 
6 4 1 2 9 8 5 7 3 
------------------
Unsolved puzzle #23: 
  6 2 3 4   7 5   
1         5 6     
5 7           4   
        9 4 8     
4               6 
    5 8 3         
  3           9 1 
    6 4         7 
  5 9   8 3 2 6   
Solved puzzle: 
9 6 2 3 4 1 7 5 8 
1 4 8 9 7 5 6 2 3 
5 7 3 2 6 8 1 4 9 
3 2 1 6 9 4 8 7 5 
4 8 7 5 1 2 9 3 6 
6 9 5 8 3 7 4 1 2 
8 3 4 7 2 6 5 9 1 
2 1 6 4 5 9 3 8 7 
7 5 9 1 8 3 2 6 4 
------------------
Unsolved puzzle #24: 
3                 
    5     9       
2     5   4       
  2         7     
1 6           5 8 
7   4 3 1   6     
      8 9   1     
        6 7   8   
          5 4 3 7 
Solved puzzle: 
3 9 7 6 8 1 5 2 4 
6 4 5 2 7 9 8 1 3 
2 1 8 5 3 4 9 7 6 
8 2 3 9 5 6 7 4 1 
1 6 9 7 4 2 3 5 8 
7 5 4 3 1 8 6 9 2 
4 7 2 8 9 3 1 6 5 
5 3 1 4 6 7 2 8 9 
9 8 6 1 2 5 4 3 7 
------------------
Unsolved puzzle #25: 
6 3               
      5         8 
    5 6 7 4       
        2         
    3 4   1   2   
            3 4 5 
          7     4 
  8   3     9   2 
9 4 7 1       8   
Solved puzzle: 
6 3 9 2 1 8 4 5 7 
4 7 1 5 3 9 2 6 8 
8 2 5 6 7 4 1 3 9 
5 6 4 8 2 3 7 9 1 
7 9 3 4 5 1 8 2 6 
2 1 8 7 9 6 3 4 5 
3 5 2 9 8 7 6 1 4 
1 8 6 3 4 5 9 7 2 
9 4 7 1 6 2 5 8 3 
------------------
Unsolved puzzle #26: 
        2     4   
    8   3 5       
        7   6   2 
  3 1   4 6 9 7   
2                 
      5   1 2   3 
  4 9       7 3   
              1   
8         4       
Solved puzzle: 
6 9 7 1 2 8 3 4 5 
4 2 8 6 3 5 1 9 7 
3 1 5 4 7 9 6 8 2 
5 3 1 2 4 6 9 7 8 
2 8 6 3 9 7 4 5 1 
9 7 4 5 8 1 2 6 3 
1 4 9 8 5 2 7 3 6 
7 5 2 9 6 3 8 1 4 
8 6 3 7 1 4 5 2 9 
------------------
Unsolved puzzle #27: 
3 6 1   2 5 9     
  8   9 6     1   
4             5 7 
    8       4 7 1 
      6   3       
2 5 9       8     
7 4             5 
  2     1 8   6   
    5 4 7   3 2 9 
Solved puzzle: 
3 6 1 7 2 5 9 4 8 
5 8 7 9 6 4 2 1 3 
4 9 2 8 3 1 6 5 7 
6 3 8 2 5 9 4 7 1 
1 7 4 6 8 3 5 9 2 
2 5 9 1 4 7 8 3 6 
7 4 6 3 9 2 1 8 5 
9 2 3 5 1 8 7 6 4 
8 1 5 4 7 6 3 2 9 
------------------
Unsolved puzzle #28: 
  5   8   7   2   
6       1     9   
7   2 5 4       6 
  7     2   3   1 
5   4       9   8 
1   3   8     7   
9       7 6 2   5 
  6     9       3 
  8   1   3   4   
Solved puzzle: 
3 5 9 8 6 7 1 2 4 
6 4 8 3 1 2 5 9 7 
7 1 2 5 4 9 8 3 6 
8 7 6 9 2 4 3 5 1 
5 2 4 7 3 1 9 6 8 
1 9 3 6 8 5 4 7 2 
9 3 1 4 7 6 2 8 5 
4 6 5 2 9 8 7 1 3 
2 8 7 1 5 3 6 4 9 
------------------
Unsolved puzzle #29: 
  8       5       
          3 4 5 7 
        7   8   9 
  6   4     9   3 
    7   1   5     
4   8     7   2   
9   1   2         
8 4 2 3           
      1       8   
Solved puzzle: 
7 8 6 9 4 5 3 1 2 
2 1 9 8 6 3 4 5 7 
5 3 4 2 7 1 8 6 9 
1 6 5 4 8 2 9 7 3 
3 2 7 6 1 9 5 4 8 
4 9 8 5 3 7 1 2 6 
9 5 1 7 2 8 6 3 4 
8 4 2 3 5 6 7 9 1 
6 7 3 1 9 4 2 8 5 
------------------
Unsolved puzzle #30: 
    3 5   2 9     
        4         
1   6       3   5 
9     2 5 1     8 
  7   4   8   3   
8     7 6 3     1 
3   8       1   4 
        2         
    5 1   4 8     
Solved puzzle: 
7 4 3 5 1 2 9 8 6 
5 8 9 3 4 6 2 1 7 
1 2 6 9 8 7 3 4 5 
9 3 4 2 5 1 7 6 8 
6 7 1 4 9 8 5 3 2 
8 5 2 7 6 3 4 9 1 
3 9 8 6 7 5 1 2 4 
4 1 7 8 2 9 6 5 3 
2 6 5 1 3 4 8 7 9 
------------------
Unsolved puzzle #31: 
                  
    9 8   5 1     
  5 1 9   7 4 2   
2 9   4   1   6 5 
                  
1 4   5   8   9 3 
  2 6 7   9 5 8   
    5 1   3 6     
                  
Solved puzzle: 
7 8 2 6 1 4 3 5 9 
4 3 9 8 2 5 1 7 6 
6 5 1 9 3 7 4 2 8 
2 9 3 4 7 1 8 6 5 
5 6 8 3 9 2 7 1 4 
1 4 7 5 6 8 2 9 3 
3 2 6 7 4 9 5 8 1 
9 7 5 1 8 3 6 4 2 
8 1 4 2 5 6 9 3 7 
------------------
Unsolved puzzle #32: 
  2     3     9   
      9   7       
9     2   8     5 
    4 8   6 5     
6   7       2   8 
    3 1   2 9     
8     6   5     7 
      3   9       
  3     2     5   
Solved puzzle: 
4 2 8 5 3 1 7 9 6 
3 6 5 9 4 7 1 8 2 
9 7 1 2 6 8 4 3 5 
2 1 4 8 9 6 5 7 3 
6 9 7 4 5 3 2 1 8 
5 8 3 1 7 2 9 6 4 
8 4 9 6 1 5 3 2 7 
7 5 2 3 8 9 6 4 1 
1 3 6 7 2 4 8 5 9 
------------------
Unsolved puzzle #33: 
    5           6 
  7       9   2   
      5     1   7 
8   4 1 5         
      8   3       
        9 2 8   5 
9   7     6       
  3   4       1   
2           6     
Solved puzzle: 
4 2 5 7 8 1 9 3 6 
1 7 8 3 6 9 5 2 4 
3 6 9 5 2 4 1 8 7 
8 9 4 1 5 7 3 6 2 
6 5 2 8 4 3 7 9 1 
7 1 3 6 9 2 8 4 5 
9 8 7 2 1 6 4 5 3 
5 3 6 4 7 8 2 1 9 
2 4 1 9 3 5 6 7 8 
------------------
Unsolved puzzle #34: 
  4           5   
    1 9 4 3 6     
    9       3     
6       5       2 
1   3       5   6 
8       2       7 
    5       2     
    2 4 3 6 7     
  3           4   
Solved puzzle: 
3 4 8 2 6 7 9 5 1 
5 7 1 9 4 3 6 2 8 
2 6 9 1 8 5 3 7 4 
6 9 7 3 5 1 4 8 2 
1 2 3 8 7 4 5 9 6 
8 5 4 6 2 9 1 3 7 
4 1 5 7 9 8 2 6 3 
9 8 2 4 3 6 7 1 5 
7 3 6 5 1 2 8 4 9 
------------------
Unsolved puzzle #35: 
    4             
        3       2 
3 9   7       8   
4         9     1 
2   9 8   1 3   7 
6     2         8 
  1       8   5 3 
9       4         
            8     
Solved puzzle: 
1 2 4 9 8 6 7 3 5 
8 6 7 4 3 5 9 1 2 
3 9 5 7 1 2 6 8 4 
4 7 8 3 5 9 2 6 1 
2 5 9 8 6 1 3 4 7 
6 3 1 2 7 4 5 9 8 
7 1 2 6 9 8 4 5 3 
9 8 3 5 4 7 1 2 6 
5 4 6 1 2 3 8 7 9 
------------------
Unsolved puzzle #36: 
3 6     2     8 9 
      3 6 1       
                  
8   3       6   2 
4     6   3     7 
6   7       1   8 
                  
      4 1 8       
9 7     3     1 4 
Solved puzzle: 
3 6 1 5 2 4 7 8 9 
7 8 9 3 6 1 4 2 5 
5 2 4 8 7 9 3 6 1 
8 9 3 1 5 7 6 4 2 
4 1 2 6 8 3 5 9 7 
6 5 7 9 4 2 1 3 8 
1 4 8 7 9 6 2 5 3 
2 3 5 4 1 8 9 7 6 
9 7 6 2 3 5 8 1 4 
------------------
Unsolved puzzle #37: 
5     4       6   
    9       8     
6 4     2         
          1     8 
2   8       5   1 
7     5           
        9     8 4 
    3       6     
  6       3     2 
Solved puzzle: 
5 8 1 4 7 9 2 6 3 
3 2 9 1 5 6 8 4 7 
6 4 7 3 2 8 1 5 9 
9 5 6 7 3 1 4 2 8 
2 3 8 9 6 4 5 7 1 
7 1 4 5 8 2 9 3 6 
1 7 2 6 9 5 3 8 4 
8 9 3 2 4 7 6 1 5 
4 6 5 8 1 3 7 9 2 
------------------
Unsolved puzzle #38: 
    7 2 5 6 4     
4               5 
  1     3     6   
      5   8       
    8   6   2     
      1   7       
  3     7     9   
2               4 
    6 3 1 2 7     
Solved puzzle: 
3 8 7 2 5 6 4 1 9 
4 6 9 7 8 1 3 2 5 
5 1 2 4 3 9 8 6 7 
1 2 3 5 4 8 9 7 6 
7 5 8 9 6 3 2 4 1 
6 9 4 1 2 7 5 8 3 
8 3 5 6 7 4 1 9 2 
2 7 1 8 9 5 6 3 4 
9 4 6 3 1 2 7 5 8 
------------------
Unsolved puzzle #39: 
                  
  7 9   5   1 8   
8               7 
    7 3   6 8     
4 5   7   8   9 6 
    3 5   2 7     
7               5 
  1 6   3   4 2   
                  
Solved puzzle: 
3 4 5 8 7 1 2 6 9 
2 7 9 6 5 3 1 8 4 
8 6 1 4 2 9 5 3 7 
1 9 7 3 4 6 8 5 2 
4 5 2 7 1 8 3 9 6 
6 8 3 5 9 2 7 4 1 
7 3 8 2 6 4 9 1 5 
5 1 6 9 3 7 4 2 8 
9 2 4 1 8 5 6 7 3 
------------------
Unsolved puzzle #40: 
  3           8   
    9       5     
    7 5   9 2     
7     1   5     8 
  2     9     3   
9     4   2     1 
    4 2   7 1     
    2       8     
  7           9   
Solved puzzle: 
2 3 5 7 6 1 4 8 9 
4 1 9 3 2 8 5 7 6 
8 6 7 5 4 9 2 1 3 
7 4 6 1 3 5 9 2 8 
5 2 1 8 9 6 7 3 4 
9 8 3 4 7 2 6 5 1 
3 9 4 2 8 7 1 6 5 
6 5 2 9 1 3 8 4 7 
1 7 8 6 5 4 3 9 2 
------------------
Unsolved puzzle #41: 
2     1 7   6   3 
  5         1     
          6   7 9 
        4   7     
      8   1       
    9   5         
3 1   4           
    5         6   
9   6   3 7     2 
Solved puzzle: 
2 9 8 1 7 5 6 4 3 
6 5 7 3 9 4 1 2 8 
1 3 4 2 8 6 5 7 9 
8 2 1 6 4 9 7 3 5 
5 7 3 8 2 1 4 9 6 
4 6 9 7 5 3 2 8 1 
3 1 2 4 6 8 9 5 7 
7 8 5 9 1 2 3 6 4 
9 4 6 5 3 7 8 1 2 
------------------
Unsolved puzzle #42: 
              8   
8     7   1   4   
  4     2     3   
3 7 4       9     
        3         
    5       3 2 1 
  1     6     5   
  5   8   2     6 
  8               
Solved puzzle: 
7 6 1 5 4 3 2 8 9 
8 3 2 7 9 1 6 4 5 
5 4 9 6 2 8 1 3 7 
3 7 4 2 1 5 9 6 8 
1 2 8 9 3 6 5 7 4 
6 9 5 4 8 7 3 2 1 
4 1 7 3 6 9 8 5 2 
9 5 3 8 7 2 4 1 6 
2 8 6 1 5 4 7 9 3 
------------------
Unsolved puzzle #43: 
              8 5 
      2 1       9 
9 6     8   1     
5     8       1 6 
                  
8 9       6     7 
    9   7     5 2 
3       5 4       
4 8               
Solved puzzle: 
1 3 2 6 4 9 7 8 5 
7 5 8 2 1 3 6 4 9 
9 6 4 7 8 5 1 2 3 
5 4 3 8 9 7 2 1 6 
2 7 6 5 3 1 8 9 4 
8 9 1 4 2 6 5 3 7 
6 1 9 3 7 8 4 5 2 
3 2 7 1 5 4 9 6 8 
4 8 5 9 6 2 3 7 1 
------------------
Unsolved puzzle #44: 
6   8   7   5   2 
  5   6   8   7   
    2       3     
5       9       6 
  4   3   2   5   
8       5       3 
    5       2     
  1   7   4   9   
4   9   6   7   1 
Solved puzzle: 
6 9 8 1 7 3 5 4 2 
3 5 4 6 2 8 1 7 9 
1 7 2 5 4 9 3 6 8 
5 3 1 8 9 7 4 2 6 
9 4 6 3 1 2 8 5 7 
8 2 7 4 5 6 9 1 3 
7 6 5 9 3 1 2 8 4 
2 1 3 7 8 4 6 9 5 
4 8 9 2 6 5 7 3 1 
------------------
Unsolved puzzle #45: 
  5     1     4   
1   7       6   2 
      9   5       
2   8   3   5   1 
  4     7     2   
9   1   8   4   6 
      4   1       
3   4       7   9 
  2     6     1   
Solved puzzle: 
8 5 2 7 1 6 9 4 3 
1 9 7 8 4 3 6 5 2 
4 6 3 9 2 5 1 8 7 
2 7 8 6 3 4 5 9 1 
6 4 5 1 7 9 3 2 8 
9 3 1 5 8 2 4 7 6 
7 8 6 4 9 1 2 3 5 
3 1 4 2 5 8 7 6 9 
5 2 9 3 6 7 8 1 4 
------------------
Unsolved puzzle #46: 
  5 3       7 9   
    9 7 5 3 4     
1               2 
  9     8     1   
      9   7       
  8     3     7   
5               3 
    7 6 4 1 2     
  6 1       9 4   
Solved puzzle: 
4 5 3 2 1 8 7 9 6 
6 2 9 7 5 3 4 8 1 
1 7 8 4 9 6 5 3 2 
7 9 6 5 8 2 3 1 4 
3 1 4 9 6 7 8 2 5 
2 8 5 1 3 4 6 7 9 
5 4 2 8 7 9 1 6 3 
9 3 7 6 4 1 2 5 8 
8 6 1 3 2 5 9 4 7 
------------------
Unsolved puzzle #47: 
    6   8   3     
  4 9   7   2 5   
      4   5       
6     3 1 7     4 
    7       8     
1     8 2 6     9 
      7   2       
  7 5   4   1 9   
    3   9   6     
Solved puzzle: 
5 1 6 2 8 9 3 4 7 
8 4 9 1 7 3 2 5 6 
7 3 2 4 6 5 9 1 8 
6 9 8 3 1 7 5 2 4 
3 2 7 9 5 4 8 6 1 
1 5 4 8 2 6 7 3 9 
9 6 1 7 3 2 4 8 5 
2 7 5 6 4 8 1 9 3 
4 8 3 5 9 1 6 7 2 
------------------
Unsolved puzzle #48: 
    5   8   7     
7     2   4     5 
3 2           8 4 
  6   1   5   4   
    8       5     
  7   8   3   1   
4 5           9 1 
6     5   8     7 
    3   1   6     
Solved puzzle: 
9 4 5 6 8 1 7 2 3 
7 8 1 2 3 4 9 6 5 
3 2 6 7 5 9 1 8 4 
2 6 9 1 7 5 3 4 8 
1 3 8 9 4 2 5 7 6 
5 7 4 8 6 3 2 1 9 
4 5 7 3 2 6 8 9 1 
6 1 2 5 9 8 4 3 7 
8 9 3 4 1 7 6 5 2 
------------------
Unsolved puzzle #49: 
      9     8     
1 2 8     6 4     
  7   8       6   
8     4 3       7 
5               9 
6       7 9     8 
  9       4   1   
    3 6     2 8 4 
    1     7       
Solved puzzle: 
3 6 5 9 4 2 8 7 1 
1 2 8 7 5 6 4 9 3 
9 7 4 8 1 3 5 6 2 
8 1 9 4 3 5 6 2 7 
5 3 7 2 6 8 1 4 9 
6 4 2 1 7 9 3 5 8 
2 9 6 3 8 4 7 1 5 
7 5 3 6 9 1 2 8 4 
4 8 1 5 2 7 9 3 6 
------------------
Unsolved puzzle #50: 
        8         
2 7           5 4 
  9 5       8 1   
    9 8   6 4     
  2   4   3   6   
    6 9   5 1     
  1 7       6 2   
4 6           3 8 
        9         
Solved puzzle: 
1 3 4 5 8 7 2 9 6 
2 7 8 1 6 9 3 5 4 
6 9 5 2 3 4 8 1 7 
3 5 9 8 1 6 4 7 2 
8 2 1 4 7 3 5 6 9 
7 4 6 9 2 5 1 8 3 
9 1 7 3 4 8 6 2 5 
4 6 2 7 5 1 9 3 8 
5 8 3 6 9 2 7 4 1 
------------------
Unsolved puzzle #51: 
      6   2       
4       5       1 
  8 5   1   6 2   
  3 8 2   6 7 1   
                  
  1 9 4   7 3 5   
  2 6   4   5 3   
9       2       7 
      8   9       
Solved puzzle: 
1 9 3 6 7 2 4 8 5 
4 6 2 3 5 8 9 7 1 
7 8 5 9 1 4 6 2 3 
5 3 8 2 9 6 7 1 4 
6 7 4 1 3 5 2 9 8 
2 1 9 4 8 7 3 5 6 
8 2 6 7 4 1 5 3 9 
9 4 1 5 2 3 8 6 7 
3 5 7 8 6 9 1 4 2 
------------------
Unsolved puzzle #52: 
4           8   5 
  3               
      7           
  2           6   
        8   4     
        1         
      6   3   7   
5     2           
1   4             
Solved puzzle: 
4 1 7 3 6 9 8 2 5 
6 3 2 1 5 8 9 4 7 
9 5 8 7 2 4 3 1 6 
8 2 5 4 3 7 1 6 9 
7 9 1 5 8 6 4 3 2 
3 4 6 9 1 2 7 5 8 
2 8 9 6 4 3 5 7 1 
5 7 3 2 9 1 6 8 4 
1 6 4 8 7 5 2 9 3 
------------------
Unsolved puzzle #53: 
5 2       6       
            7   1 
3                 
      4     8     
6             5   
                  
  4 1 8           
        3     2   
    8 7           
Solved puzzle: 
5 2 7 3 1 6 4 8 9 
8 9 6 5 4 2 7 3 1 
3 1 4 9 8 7 5 6 2 
1 7 2 4 5 3 8 9 6 
6 8 9 2 7 1 3 5 4 
4 5 3 6 9 8 2 1 7 
9 4 1 8 2 5 6 7 3 
7 6 5 1 3 4 9 2 8 
2 3 8 7 6 9 1 4 5 
------------------
Unsolved puzzle #54: 
6           8   3 
  4   7           
                  
      5   4   7   
3     2           
1   6             
  2           5   
        8   6     
        1         
Solved puzzle: 
6 1 7 4 5 9 8 2 3 
2 4 8 7 3 6 9 1 5 
5 3 9 1 2 8 4 6 7 
9 8 2 5 6 4 3 7 1 
3 7 4 2 9 1 5 8 6 
1 5 6 8 7 3 2 9 4 
8 2 3 6 4 7 1 5 9 
7 9 1 3 8 5 6 4 2 
4 6 5 9 1 2 7 3 8 
------------------
Unsolved puzzle #55: 
4 8   3           
              7 1 
  2               
7   5         6   
      2     8     
                  
    1   7 6       
3           4     
        5         
Solved puzzle: 
4 8 7 3 1 2 6 9 5 
5 9 3 6 8 4 2 7 1 
1 2 6 5 9 7 3 8 4 
7 3 5 8 4 9 1 6 2 
9 1 4 2 6 5 8 3 7 
2 6 8 7 3 1 5 4 9 
8 5 1 4 7 6 9 2 3 
3 7 9 1 2 8 4 5 6 
6 4 2 9 5 3 7 1 8 
------------------
Unsolved puzzle #56: 
        1 4       
  3         2     
  7               
      9       3   
6   1             
              8   
2           1   4 
        5   6     
      7   8       
Solved puzzle: 
9 6 2 3 1 4 8 5 7 
1 3 4 5 8 7 2 6 9 
5 7 8 2 9 6 4 1 3 
8 4 7 9 6 2 5 3 1 
6 5 1 8 7 3 9 4 2 
3 2 9 1 4 5 7 8 6 
2 8 5 6 3 9 1 7 4 
7 9 3 4 5 1 6 2 8 
4 1 6 7 2 8 3 9 5 
------------------
Unsolved puzzle #57: 
            5 2   
  8   4           
  3       9       
5   1       6     
2     7           
      3           
6       1         
            7   4 
              3   
Solved puzzle: 
4 1 6 8 3 7 5 2 9 
9 8 2 4 6 5 3 7 1 
7 3 5 1 2 9 4 6 8 
5 7 1 2 9 8 6 4 3 
2 9 3 7 4 6 1 8 5 
8 6 4 3 5 1 2 9 7 
6 4 7 9 1 3 8 5 2 
3 5 9 6 8 2 7 1 4 
1 2 8 5 7 4 9 3 6 
------------------
Unsolved puzzle #58: 
6   2   5         
          3   4   
                  
4 3       8       
  1         2     
            7     
5     2 7         
              8 1 
      6           
Solved puzzle: 
6 8 2 1 5 4 3 7 9 
9 5 1 7 6 3 8 4 2 
3 7 4 8 9 2 1 6 5 
4 3 7 5 2 8 9 1 6 
8 1 6 9 3 7 2 5 4 
2 9 5 4 1 6 7 3 8 
5 6 8 2 7 1 4 9 3 
7 2 9 3 4 5 6 8 1 
1 4 3 6 8 9 5 2 7 
------------------
Unsolved puzzle #59: 
  5 2 4           
        7   1     
                  
      8   2       
3           6     
  9   5           
1   6   3         
              8 9 
7                 
Solved puzzle: 
6 5 2 4 8 1 9 3 7 
8 3 4 6 7 9 1 5 2 
9 7 1 3 2 5 8 6 4 
4 6 7 8 1 2 5 9 3 
3 1 5 7 9 4 6 2 8 
2 9 8 5 6 3 4 7 1 
1 8 6 9 3 7 2 4 5 
5 2 3 1 4 6 7 8 9 
7 4 9 2 5 8 3 1 6 
------------------
Unsolved puzzle #60: 
6   2   5         
          4   3   
                  
4 3       8       
  1         2     
            7     
5     2 7         
              8 1 
      6           
Solved puzzle: 
6 8 2 1 5 3 4 7 9 
9 5 1 7 6 4 8 3 2 
3 7 4 8 9 2 1 6 5 
4 3 7 5 2 8 9 1 6 
8 1 6 9 4 7 2 5 3 
2 9 5 3 1 6 7 4 8 
5 6 8 2 7 1 3 9 4 
7 2 9 4 3 5 6 8 1 
1 4 3 6 8 9 5 2 7 
------------------
Unsolved puzzle #61: 
  9 2 3           
        8   1     
                  
1   7   4         
              6 5 
8                 
  6   5   2       
4           7     
      9           
Solved puzzle: 
7 9 2 3 5 1 6 4 8 
5 4 3 7 8 6 1 2 9 
6 8 1 4 2 9 5 3 7 
1 5 7 6 4 8 2 9 3 
9 2 4 1 3 7 8 6 5 
8 3 6 2 9 5 4 7 1 
3 6 8 5 7 2 9 1 4 
4 1 9 8 6 3 7 5 2 
2 7 5 9 1 4 3 8 6 
------------------
Unsolved puzzle #62: 
6     3   2       
  5           1   
                  
7   2 6           
              5 4 
3                 
  8   1 5         
        4   2     
            7     
Solved puzzle: 
6 1 4 3 8 2 5 7 9 
9 5 3 7 6 4 8 1 2 
8 2 7 5 9 1 4 3 6 
7 4 2 6 3 5 1 9 8 
1 6 8 2 7 9 3 5 4 
3 9 5 4 1 8 6 2 7 
2 8 6 1 5 7 9 4 3 
5 7 9 8 4 3 2 6 1 
4 3 1 9 2 6 7 8 5 
------------------
Unsolved puzzle #63: 
  6   5   1   9   
1       9     5 3 
9         7       
  4   8       7   
            5   8 
  8 1 7   5   3   
        5   2     
                  
  7 6     8       
Solved puzzle: 
8 6 3 5 2 1 7 9 4 
1 2 7 4 9 6 8 5 3 
9 5 4 3 8 7 6 2 1 
6 4 5 8 3 9 1 7 2 
7 3 9 1 4 2 5 6 8 
2 8 1 7 6 5 4 3 9 
4 9 8 6 5 3 2 1 7 
5 1 2 9 7 4 3 8 6 
3 7 6 2 1 8 9 4 5 
------------------
Unsolved puzzle #64: 
    5       9 8 7 
  4     5       1 
    7             
2       4 8       
  9   1           
6     2           
3     6     2     
          9   7   
            5     
Solved puzzle: 
1 3 5 4 2 6 9 8 7 
8 4 6 9 5 7 3 2 1 
9 2 7 3 8 1 4 6 5 
2 1 3 7 4 8 6 5 9 
5 9 8 1 6 3 7 4 2 
6 7 4 2 9 5 8 1 3 
3 5 1 6 7 4 2 9 8 
4 8 2 5 3 9 1 7 6 
7 6 9 8 1 2 5 3 4 
------------------
Unsolved puzzle #65: 
3   6   7         
              5 1 
8                 
  1   4   5       
7           6     
      2           
  2           4   
        8   3     
      5           
Solved puzzle: 
3 5 6 8 7 1 2 9 4 
9 7 2 6 4 3 8 5 1 
8 4 1 9 5 2 7 3 6 
2 1 3 4 6 5 9 8 7 
7 9 4 3 1 8 6 2 5 
6 8 5 2 9 7 4 1 3 
1 2 8 7 3 6 5 4 9 
5 6 9 1 8 4 3 7 2 
4 3 7 5 2 9 1 6 8 
------------------
Unsolved puzzle #66: 
1           3   8 
  7   4           
                  
2   3   1         
              9 5 
8                 
  5   6       7   
        8   2     
  4               
Solved puzzle: 
1 2 9 5 7 6 3 4 8 
3 7 6 4 2 8 5 1 9 
5 8 4 3 9 1 6 2 7 
2 9 3 8 1 5 7 6 4 
4 1 7 2 6 3 8 9 5 
8 6 5 7 4 9 1 3 2 
9 5 8 6 3 2 4 7 1 
7 3 1 9 8 4 2 5 6 
6 4 2 1 5 7 9 8 3 
------------------
Unsolved puzzle #67: 
6     3   2       
  4           1   
                  
7   2 6           
              5 4 
3                 
  8   1 5         
        4   2     
            7     
Solved puzzle: 
6 1 5 3 8 2 4 7 9 
9 4 3 7 6 5 8 1 2 
8 2 7 4 9 1 5 3 6 
7 5 2 6 3 4 1 9 8 
1 6 8 2 7 9 3 5 4 
3 9 4 5 1 8 6 2 7 
2 8 6 1 5 7 9 4 3 
5 7 9 8 4 3 2 6 1 
4 3 1 9 2 6 7 8 5 
------------------
Unsolved puzzle #68: 
        3     9   
      2         1 
  5   9           
                  
1   2   8   4   6 
  8   5       2   
  7 5             
4   1     6     3 
          4   6   
Solved puzzle: 
7 1 8 4 3 5 6 9 2 
9 6 3 2 7 8 5 4 1 
2 5 4 9 6 1 3 7 8 
5 4 7 6 1 2 8 3 9 
1 9 2 3 8 7 4 5 6 
3 8 6 5 4 9 1 2 7 
6 7 5 8 9 3 2 1 4 
4 2 1 7 5 6 9 8 3 
8 3 9 1 2 4 7 6 5 
------------------
Unsolved puzzle #69: 
4 5           3   
      8   1       
  9               
        5     9   
2     7           
8                 
  1     4         
            7   2 
      6     8     
Solved puzzle: 
4 5 8 2 7 6 9 3 1 
6 2 3 8 9 1 4 7 5 
1 9 7 5 3 4 2 8 6 
3 7 1 4 5 2 6 9 8 
2 6 9 7 8 3 1 5 4 
8 4 5 1 6 9 3 2 7 
7 1 2 9 4 8 5 6 3 
9 8 6 3 1 5 7 4 2 
5 3 4 6 2 7 8 1 9 
------------------
Unsolved puzzle #70: 
  2 3 7         6 
8       6   5 9   
9           7     
        4   9 7   
3   7   9 6     2 
                  
5     4 7         
          2       
  8               
Solved puzzle: 
1 2 3 7 5 9 4 8 6 
8 7 4 2 6 1 5 9 3 
9 6 5 3 8 4 7 2 1 
2 1 6 5 4 3 9 7 8 
3 5 7 8 9 6 1 4 2 
4 9 8 1 2 7 3 6 5 
5 3 2 4 7 8 6 1 9 
6 4 1 9 3 2 8 5 7 
7 8 9 6 1 5 2 3 4 
------------------
Unsolved puzzle #71: 
    8 4       3   
      3           
9         1 5 7 4 
7 9       8       
          7     5 
1 4           2   
    9   6       2 
  5         4     
        9     5 6 
Solved puzzle: 
5 1 8 4 7 6 2 3 9 
4 2 7 3 5 9 6 1 8 
9 6 3 8 2 1 5 7 4 
7 9 5 2 4 8 3 6 1 
8 3 2 6 1 7 9 4 5 
1 4 6 9 3 5 8 2 7 
3 7 9 5 6 4 1 8 2 
6 5 1 7 8 2 4 9 3 
2 8 4 1 9 3 7 5 6 
------------------
Unsolved puzzle #72: 
  9 8   1         
2             6   
                  
      3   2   5   
  8 4             
      6           
        4   8   9 
3     5           
            1     
Solved puzzle: 
4 9 8 7 1 6 5 2 3 
2 5 7 8 3 9 4 6 1 
1 3 6 4 2 5 9 8 7 
9 7 1 3 8 2 6 5 4 
6 8 4 1 5 7 3 9 2 
5 2 3 6 9 4 7 1 8 
7 6 5 2 4 1 8 3 9 
3 1 9 5 7 8 2 4 6 
8 4 2 9 6 3 1 7 5 
------------------
Unsolved puzzle #73: 
    2 4 7     5 8 
                  
          1   4   
        2       9 
5 2 8   9   4     
    9       1     
              3   
3         7 5     
6 8 5     2       
Solved puzzle: 
1 3 2 4 7 9 6 5 8 
8 4 7 5 6 3 2 9 1 
9 5 6 2 8 1 3 4 7 
4 1 3 7 2 5 8 6 9 
5 2 8 1 9 6 4 7 3 
7 6 9 3 4 8 1 2 5 
2 7 1 8 5 4 9 3 6 
3 9 4 6 1 7 5 8 2 
6 8 5 9 3 2 7 1 4 
------------------
Unsolved puzzle #74: 
4           8   5 
  3               
      7           
  2           6   
        5   4     
        1         
      6   3   7   
5     2           
1   9             
Solved puzzle: 
4 1 7 3 6 9 8 2 5 
6 3 8 1 2 5 9 4 7 
9 5 2 7 4 8 3 1 6 
8 2 5 4 3 7 1 6 9 
7 9 1 8 5 6 4 3 2 
3 4 6 9 1 2 7 5 8 
2 8 4 6 9 3 5 7 1 
5 7 3 2 8 1 6 9 4 
1 6 9 5 7 4 2 8 3 
------------------
Unsolved puzzle #75: 
  2   3           
  6 3           5 
8               1 
5         9   3   
      7           
      1         8 
  8 7 9     2 6   
          6   7   
    6     7     4 
Solved puzzle: 
9 2 5 3 7 1 4 8 6 
1 6 3 4 9 8 7 2 5 
8 7 4 5 6 2 3 9 1 
5 4 2 6 8 9 1 3 7 
6 1 8 7 5 3 9 4 2 
7 3 9 1 2 4 6 5 8 
4 8 7 9 1 5 2 6 3 
3 5 1 2 4 6 8 7 9 
2 9 6 8 3 7 5 1 4 
------------------
Unsolved puzzle #76: 
1           7   9 
  4       7 2     
8                 
  7     1     6   
3               5 
  6     4     2   
                8 
    5 3       7   
7   2         4 6 
Solved puzzle: 
1 2 3 4 5 6 7 8 9 
6 4 9 8 3 7 2 5 1 
8 5 7 2 9 1 6 3 4 
2 7 4 5 1 8 9 6 3 
3 9 8 6 7 2 4 1 5 
5 6 1 9 4 3 8 2 7 
4 1 6 7 2 5 3 9 8 
9 8 5 3 6 4 1 7 2 
7 3 2 1 8 9 5 4 6 
------------------
Unsolved puzzle #77: 
4           3     
      8   2       
      7           
      1       8 7 
3 4               
6                 
5       6         
        1   4     
  8 2             
Solved puzzle: 
4 7 5 6 9 1 3 2 8 
9 6 1 8 3 2 7 4 5 
8 2 3 7 5 4 1 9 6 
2 5 9 1 4 3 6 8 7 
3 4 7 5 8 6 2 1 9 
6 1 8 9 2 7 5 3 4 
5 3 4 2 6 9 8 7 1 
7 9 6 3 1 8 4 5 2 
1 8 2 4 7 5 9 6 3 
------------------
Unsolved puzzle #78: 
              7 1 
  2   8           
      4   3       
7       6     5   
      2     3     
9                 
6       7         
  8         4     
        5         
Solved puzzle: 
3 4 9 5 2 6 8 7 1 
5 2 1 8 9 7 6 4 3 
8 7 6 4 1 3 5 2 9 
7 1 8 3 6 9 2 5 4 
4 6 5 2 8 1 3 9 7 
9 3 2 7 4 5 1 8 6 
6 5 4 1 7 8 9 3 2 
1 8 7 9 3 2 4 6 5 
2 9 3 6 5 4 7 1 8 
------------------
Unsolved puzzle #79: 
6     3   2       
  4           8   
                  
7   2 6           
              5 4 
3                 
  8   1 5         
        8   2     
            7     
Solved puzzle: 
6 1 8 3 4 2 5 7 9 
9 4 3 7 6 5 1 8 2 
5 2 7 8 9 1 4 3 6 
7 5 2 6 3 4 8 9 1 
8 6 1 2 7 9 3 5 4 
3 9 4 5 1 8 6 2 7 
2 8 6 1 5 7 9 4 3 
1 7 9 4 8 3 2 6 5 
4 3 5 9 2 6 7 1 8 
------------------
Unsolved puzzle #80: 
  4 7   8       1 
                  
      6     7     
6         3 5 7   
          5       
  1     6         
2 8     4         
  9   1       4   
        2   6 9   
Solved puzzle: 
9 4 7 5 8 2 3 6 1 
8 6 3 4 7 1 9 5 2 
1 5 2 6 3 9 7 8 4 
6 2 4 8 1 3 5 7 9 
7 3 8 2 9 5 4 1 6 
5 1 9 7 6 4 8 2 3 
2 8 5 9 4 6 1 3 7 
3 9 6 1 5 7 2 4 8 
4 7 1 3 2 8 6 9 5 
------------------
Unsolved puzzle #81: 
            8   1 
7     2           
      5   6       
      7       5   
  1         3     
  8               
5             2   
  4     8         
6       3         
Solved puzzle: 
2 5 4 3 7 9 8 6 1 
7 6 1 2 4 8 5 9 3 
8 9 3 5 1 6 7 4 2 
3 2 6 7 9 1 4 5 8 
9 1 5 8 2 4 3 7 6 
4 8 7 6 5 3 2 1 9 
5 3 8 1 6 7 9 2 4 
1 4 2 9 8 5 6 3 7 
6 7 9 4 3 2 1 8 5 
------------------
Unsolved puzzle #82: 
3 8   6           
    9             
  2     3   5 1   
          5       
  3     1     6   
      4           
  1 7   5     8   
            9     
          7   3 2 
Solved puzzle: 
3 8 5 6 2 1 4 9 7 
1 7 9 5 8 4 3 2 6 
4 2 6 7 3 9 5 1 8 
7 6 2 3 9 5 8 4 1 
5 3 4 8 1 2 7 6 9 
8 9 1 4 7 6 2 5 3 
9 1 7 2 5 3 6 8 4 
2 4 3 1 6 8 9 7 5 
6 5 8 9 4 7 1 3 2 
------------------
Unsolved puzzle #83: 
      5           
            5   6 
9 7           2   
    4 8   2       
2 5   1       3   
  8     3         
          4   7   
  1 3   5     9   
  2       3 1     
Solved puzzle: 
8 3 6 5 2 1 9 4 7 
1 4 2 3 7 9 5 8 6 
9 7 5 6 4 8 3 2 1 
3 6 4 8 9 2 7 1 5 
2 5 9 1 6 7 4 3 8 
7 8 1 4 3 5 2 6 9 
5 9 8 2 1 4 6 7 3 
4 1 3 7 5 6 8 9 2 
6 2 7 9 8 3 1 5 4 
------------------
Unsolved puzzle #84: 
  2               
3   5   6 2     9 
  6 8       3     
  5               
      6 4   8   2 
    4 7     9     
    3           1 
          6       
1 7   4 3         
Solved puzzle: 
4 2 7 5 9 3 1 8 6 
3 1 5 8 6 2 4 7 9 
9 6 8 1 7 4 3 2 5 
6 5 9 3 2 8 7 1 4 
7 3 1 6 4 9 8 5 2 
2 8 4 7 5 1 9 6 3 
5 9 3 2 8 7 6 4 1 
8 4 2 9 1 6 5 3 7 
1 7 6 4 3 5 2 9 8 
------------------
Unsolved puzzle #85: 
  8     4         
3             1   
              2   
    5       4   6 
9     1     8     
2                 
      3   9       
  6         5     
      2           
Solved puzzle: 
7 8 1 9 4 2 3 6 5 
3 2 4 5 7 6 9 1 8 
6 5 9 8 3 1 7 2 4 
8 1 5 7 2 3 4 9 6 
9 3 6 1 5 4 8 7 2 
2 4 7 6 9 8 1 5 3 
5 7 8 3 6 9 2 4 1 
1 6 2 4 8 7 5 3 9 
4 9 3 2 1 5 6 8 7 
------------------
Unsolved puzzle #86: 
    8   9   1     
  6   5       2   
          6       
  3   1   7   5   
                9 
    4       3     
  5         2     
  7       3   8   
2     7         4 
Solved puzzle: 
7 4 8 3 9 2 1 6 5 
3 6 9 5 1 4 7 2 8 
1 2 5 8 7 6 9 4 3 
9 3 2 1 4 7 8 5 6 
6 8 7 2 3 5 4 1 9 
5 1 4 6 8 9 3 7 2 
8 5 3 4 6 1 2 9 7 
4 7 6 9 2 3 5 8 1 
2 9 1 7 5 8 6 3 4 
------------------
Unsolved puzzle #87: 
4           5   8 
  3               
      7           
  2           6   
        5   8     
        1         
      6   3   7   
5     2           
1   8             
Solved puzzle: 
4 1 7 3 6 9 5 2 8 
8 3 9 1 2 5 7 4 6 
6 5 2 7 4 8 3 1 9 
9 2 5 8 3 7 4 6 1 
7 4 1 9 5 6 8 3 2 
3 8 6 4 1 2 9 5 7 
2 9 4 6 8 3 1 7 5 
5 7 3 2 9 1 6 8 4 
1 6 8 5 7 4 2 9 3 
------------------
Unsolved puzzle #88: 
1           3   8 
  6   4           
                  
2   3   1         
              9 5 
8                 
  5   6       7   
        8   2     
  4               
Solved puzzle: 
1 2 4 5 9 7 3 6 8 
3 6 9 4 2 8 5 1 7 
5 8 7 3 6 1 9 2 4 
2 9 3 8 1 5 7 4 6 
4 1 6 2 7 3 8 9 5 
8 7 5 9 4 6 1 3 2 
9 5 8 6 3 2 4 7 1 
6 3 1 7 8 4 2 5 9 
7 4 2 1 5 9 6 8 3 
------------------
Unsolved puzzle #89: 
1         6   8   
  6 4             
        4       7 
        9   6     
  7   4     5     
5       7   1     
  5         3 2   
3         8       
4                 
Solved puzzle: 
1 3 7 9 2 6 4 8 5 
9 6 4 5 8 7 2 3 1 
8 2 5 3 4 1 9 6 7 
2 4 1 8 9 5 6 7 3 
6 7 3 4 1 2 5 9 8 
5 8 9 6 7 3 1 4 2 
7 5 8 1 6 4 3 2 9 
3 9 6 2 5 8 7 1 4 
4 1 2 7 3 9 8 5 6 
------------------
Unsolved puzzle #90: 
2 4 9   6       3 
  3         2     
8               5 
          6       
      2           
  1     4   8 2   
  9   5     7     
    4           1 
  7       3       
Solved puzzle: 
2 4 9 8 6 5 1 7 3 
5 3 1 9 7 4 2 6 8 
8 6 7 1 3 2 4 9 5 
4 2 3 7 8 6 5 1 9 
9 8 6 2 5 1 3 4 7 
7 1 5 3 4 9 8 2 6 
6 9 2 5 1 8 7 3 4 
3 5 4 6 2 7 9 8 1 
1 7 8 4 9 3 6 5 2 
------------------
Unsolved puzzle #91: 
      8         9 
  8 7 3       4   
6     7           
    8 5     9 7   
                  
  4 3     7 5     
          3       
  3       1 4 5   
4         2     1 
Solved puzzle: 
3 5 1 8 4 6 7 2 9 
2 8 7 3 1 9 6 4 5 
6 9 4 7 2 5 1 8 3 
1 6 8 5 3 4 9 7 2 
7 2 5 1 9 8 3 6 4 
9 4 3 2 6 7 5 1 8 
5 1 6 4 8 3 2 9 7 
8 3 2 9 7 1 4 5 6 
4 7 9 6 5 2 8 3 1 
------------------
Unsolved puzzle #92: 
      5   1       
  9         8     
  6               
4   1             
        7     9   
              3   
8           1   5 
      2     4     
      3 6         
Solved puzzle: 
7 4 8 5 9 1 3 2 6 
1 9 5 6 2 3 8 4 7 
2 6 3 4 8 7 5 1 9 
4 2 1 9 3 6 7 5 8 
3 5 6 8 7 4 2 9 1 
9 8 7 1 5 2 6 3 4 
8 3 2 7 4 9 1 6 5 
6 7 9 2 1 5 4 8 3 
5 1 4 3 6 8 9 7 2 
------------------
Unsolved puzzle #93: 
            8   1 
6     2           
      7   5       
      6       2   
  1         3     
  8               
2             7   
  3     8         
5       4         
Solved puzzle: 
7 2 3 4 6 9 8 5 1 
6 5 1 2 3 8 7 9 4 
8 9 4 7 1 5 6 3 2 
3 7 5 6 9 1 4 2 8 
9 1 2 8 7 4 3 6 5 
4 8 6 5 2 3 9 1 7 
2 4 8 3 5 6 1 7 9 
1 3 7 9 8 2 5 4 6 
5 6 9 1 4 7 2 8 3 
------------------
Unsolved puzzle #94: 
  4 7 6       5   
8   3           2 
          9       
      8   5     6 
      1           
6   2 4           
  7 8       5 1   
    6         4   
  9       4     7 
Solved puzzle: 
9 4 7 6 2 8 3 5 1 
8 6 3 7 5 1 4 9 2 
1 2 5 3 4 9 6 7 8 
7 3 4 8 9 5 1 2 6 
5 8 9 1 6 2 7 3 4 
6 1 2 4 7 3 9 8 5 
4 7 8 2 3 6 5 1 9 
2 5 6 9 1 7 8 4 3 
3 9 1 5 8 4 2 6 7 
------------------
Unsolved puzzle #95: 
          7   9 5 
          1       
8 6     2         
  2     7 3     8 
5             6   
    3     4 9     
3   5       4 1 7 
2 4               
                  
Solved puzzle: 
1 3 2 4 6 7 8 9 5 
9 5 7 3 8 1 2 4 6 
8 6 4 5 2 9 7 3 1 
4 2 9 6 7 3 1 5 8 
5 7 8 9 1 2 3 6 4 
6 1 3 8 5 4 9 7 2 
3 8 5 2 9 6 4 1 7 
2 4 1 7 3 5 6 8 9 
7 9 6 1 4 8 5 2 3 
------------------
Unsolved puzzle #96: 
  4   5           
8       9     3   
  7 6   2         
  1 4 6           
          9     7 
          3 6     
    1     4   5   
  6             3 
    7 1     2     
Solved puzzle: 
1 4 3 5 8 7 9 6 2 
8 5 2 4 9 6 7 3 1 
9 7 6 3 2 1 5 8 4 
2 1 4 6 7 5 3 9 8 
6 3 5 8 1 9 4 2 7 
7 8 9 2 4 3 6 1 5 
3 2 1 7 6 4 8 5 9 
4 6 8 9 5 2 1 7 3 
5 9 7 1 3 8 2 4 6 
------------------
Unsolved puzzle #97: 
  8 3 4           
        7     5   
                  
  4   1   8       
              2 7 
      3           
2   6   5         
5           8     
            1     
Solved puzzle: 
7 8 3 4 6 5 2 1 9 
4 2 1 9 7 3 6 5 8 
9 6 5 2 8 1 7 3 4 
3 4 7 1 2 8 5 9 6 
1 9 8 5 4 6 3 2 7 
6 5 2 3 9 7 4 8 1 
2 1 6 8 5 4 9 7 3 
5 3 4 7 1 9 8 6 2 
8 7 9 6 3 2 1 4 5 
------------------
Unsolved puzzle #98: 
    9           3 
          9       
7           5   6 
    6 5     4     
      3           
  2 8             
3     7 5   6     
6                 
      1 2   3   8 
Solved puzzle: 
2 1 9 6 7 5 8 4 3 
8 6 5 4 3 9 7 2 1 
7 4 3 2 8 1 5 9 6 
9 3 6 5 1 2 4 8 7 
1 5 7 3 4 8 9 6 2 
4 2 8 9 6 7 1 3 5 
3 8 2 7 5 4 6 1 9 
6 7 1 8 9 3 2 5 4 
5 9 4 1 2 6 3 7 8 
------------------
Unsolved puzzle #99: 
  2 6   3 9       
      6         1 
9           7     
          4     9 
  5         2     
    8 5           
3     2     9     
4         7 6 2   
                4 
Solved puzzle: 
1 2 6 7 3 9 8 4 5 
8 4 7 6 2 5 3 9 1 
9 3 5 4 8 1 7 6 2 
2 1 3 8 6 4 5 7 9 
6 5 4 9 7 3 2 1 8 
7 9 8 5 1 2 4 3 6 
3 6 1 2 4 8 9 5 7 
4 8 9 1 5 7 6 2 3 
5 7 2 3 9 6 1 8 4 
------------------
Unsolved puzzle #100: 
2   3   8         
8     7           
            1     
  6   5   7       
4             3   
      1           
              8 2 
  5         6     
  1               
Solved puzzle: 
2 7 3 6 8 1 4 9 5 
8 9 1 7 5 4 2 6 3 
5 4 6 3 9 2 1 7 8 
1 6 9 5 3 7 8 2 4 
4 8 5 2 6 9 7 3 1 
3 2 7 1 4 8 9 5 6 
7 3 4 9 1 6 5 8 2 
9 5 8 4 2 3 6 1 7 
6 1 2 8 7 5 3 4 9 
------------------
Unsolved puzzle #101: 
6     3   2       
  1           5   
                  
7   2 6           
              8 4 
3                 
  8   1 5         
        8   2     
            7     
Solved puzzle: 
6 5 4 3 1 2 8 7 9 
9 1 3 8 7 6 4 5 2 
8 2 7 4 9 5 1 3 6 
7 4 2 6 3 8 5 9 1 
1 6 5 7 2 9 3 8 4 
3 9 8 5 4 1 6 2 7 
2 8 6 1 5 7 9 4 3 
4 7 1 9 8 3 2 6 5 
5 3 9 2 6 4 7 1 8 
------------------
Unsolved puzzle #102: 
1           9     
  6 4     1   7   
  7     4         
      3           
3   8 9     5     
    7         2   
        6   7   9 
          4   1   
      1 2 9   3   
Solved puzzle: 
1 5 2 7 3 8 9 4 6 
8 6 4 2 9 1 3 7 5 
9 7 3 6 4 5 2 8 1 
2 1 6 3 5 7 4 9 8 
3 4 8 9 1 2 5 6 7 
5 9 7 4 8 6 1 2 3 
4 2 1 8 6 3 7 5 9 
6 3 9 5 7 4 8 1 2 
7 8 5 1 2 9 6 3 4 
------------------
Unsolved puzzle #103: 
                  
9             8 4 
  6 2 3       5   
      6       4 5 
3       1       6 
      9       7   
      1           
4   5     2       
  3   8         9 
Solved puzzle: 
1 7 4 5 8 9 3 6 2 
9 5 3 2 6 1 7 8 4 
8 6 2 3 4 7 9 5 1 
2 1 9 6 7 3 8 4 5 
3 8 7 4 1 5 2 9 6 
5 4 6 9 2 8 1 7 3 
6 2 8 1 9 4 5 3 7 
4 9 5 7 3 2 6 1 8 
7 3 1 8 5 6 4 2 9 
------------------
Unsolved puzzle #104: 
  2         5 9 3 
8     5     4 6   
9 4     6       8 
    2   3         
  6     8   7 3   
7     2           
        4   3 8   
  7         6     
                5 
Solved puzzle: 
1 2 6 4 7 8 5 9 3 
8 3 7 5 9 2 4 6 1 
9 4 5 3 6 1 2 7 8 
4 1 2 9 3 7 8 5 6 
5 6 9 1 8 4 7 3 2 
7 8 3 2 5 6 9 1 4 
2 5 1 6 4 9 3 8 7 
3 7 4 8 1 5 6 2 9 
6 9 8 7 2 3 1 4 5 
------------------
Unsolved puzzle #105: 
9   4     5       
2 5   6     1     
3 1             8 
  7       9       
4     2 6         
    1 4 7         
7               2 
      3     8   6 
  4           9   
Solved puzzle: 
9 6 4 8 1 5 2 3 7 
2 5 8 6 3 7 1 4 9 
3 1 7 9 2 4 6 5 8 
8 7 2 1 5 9 3 6 4 
4 9 5 2 6 3 7 8 1 
6 3 1 4 7 8 9 2 5 
7 8 3 5 9 6 4 1 2 
5 2 9 3 4 1 8 7 6 
1 4 6 7 8 2 5 9 3 
------------------
Unsolved puzzle #106: 
      5 2         
  9       3     4 
            7     
  1           4   
  8     4 5 3     
6       1       8 
7   2             
    8         3 2 
  4     8     1   
Solved puzzle: 
4 7 6 5 2 9 1 8 3 
8 9 5 1 7 3 6 2 4 
3 2 1 8 6 4 7 9 5 
5 1 7 3 9 8 2 4 6 
2 8 9 6 4 5 3 7 1 
6 3 4 7 1 2 9 5 8 
7 5 2 4 3 1 8 6 9 
1 6 8 9 5 7 4 3 2 
9 4 3 2 8 6 5 1 7 
------------------
Unsolved puzzle #107: 
5 3     2   9     
  2 4   3     5   
    9             
        1   8 2 7 
      7           
        9 8 1     
                  
    6 4         9 
1   2   5   4 3   
Solved puzzle: 
5 3 8 1 2 7 9 4 6 
6 2 4 8 3 9 7 5 1 
7 1 9 6 4 5 3 8 2 
9 6 5 3 1 4 8 2 7 
3 8 1 7 6 2 5 9 4 
2 4 7 5 9 8 1 6 3 
4 9 3 2 8 1 6 7 5 
8 5 6 4 7 3 2 1 9 
1 7 2 9 5 6 4 3 8 
------------------
Unsolved puzzle #108: 
1         7 8 6   
    7     8   1   
8     2         9 
                2 
4       1         
    9     5       
6   8             
        5   9     
          9 3   4 
Solved puzzle: 
1 2 4 5 9 7 8 6 3 
9 3 7 6 4 8 2 1 5 
8 5 6 2 3 1 7 4 9 
5 1 3 7 8 6 4 9 2 
4 8 2 9 1 3 6 5 7 
7 6 9 4 2 5 1 3 8 
6 9 8 3 7 4 5 2 1 
3 4 1 8 5 2 9 7 6 
2 7 5 1 6 9 3 8 4 
------------------
Unsolved puzzle #109: 
        5       1 
1             7   
  6           8   
          4       
    9   1   3     
      5 9 6   2   
  8     6 2     7 
    7             
3   5   7   2     
Solved puzzle: 
8 7 2 4 5 9 6 3 1 
1 5 4 6 8 3 9 7 2 
9 6 3 7 2 1 4 8 5 
2 1 6 8 3 4 7 5 9 
5 4 9 2 1 7 3 6 8 
7 3 8 5 9 6 1 2 4 
4 8 1 3 6 2 5 9 7 
6 2 7 9 4 5 8 1 3 
3 9 5 1 7 8 2 4 6 
------------------
Unsolved puzzle #110: 
  4 7   2         
8         1       
  3         9   2 
          5       
6     8 1     5   
        4         
  7         3   4 
      9       1   
4     2 7   8     
Solved puzzle: 
9 4 7 3 2 6 5 8 1 
8 5 2 4 9 1 6 7 3 
1 3 6 5 8 7 9 4 2 
2 8 4 7 3 5 1 6 9 
6 9 3 8 1 2 4 5 7 
7 1 5 6 4 9 2 3 8 
5 7 9 1 6 8 3 2 4 
3 2 8 9 5 4 7 1 6 
4 6 1 2 7 3 8 9 5 
------------------
Unsolved puzzle #111: 
            9 4   
        9       5 
3         5   7   
  8   4     1     
4 6 3             
          7   8   
8     7           
7             2 8 
  5   2 6         
Solved puzzle: 
2 1 5 8 7 6 9 4 3 
6 7 8 3 9 4 2 1 5 
3 4 9 1 2 5 8 7 6 
5 8 7 4 3 2 1 6 9 
4 6 3 9 8 1 7 5 2 
1 9 2 6 5 7 3 8 4 
8 2 6 7 4 3 5 9 1 
7 3 4 5 1 9 6 2 8 
9 5 1 2 6 8 4 3 7 
------------------
Unsolved puzzle #112: 
  2             6 
        4 1       
    7 8         1 
            7     
    3 7           
6     4 1 2       
  1     7 4     5 
    8   5     7   
          3 9     
Solved puzzle: 
1 2 4 3 9 7 8 5 6 
8 3 5 6 4 1 2 9 7 
9 6 7 8 2 5 3 4 1 
2 4 1 5 3 8 7 6 9 
5 8 3 7 6 9 4 1 2 
6 7 9 4 1 2 5 3 8 
3 1 2 9 7 4 6 8 5 
4 9 8 2 5 6 1 7 3 
7 5 6 1 8 3 9 2 4 
------------------
Unsolved puzzle #113: 
1           3   8 
  6   4           
                  
2   3   1         
              7 5 
8                 
  7   5       6   
        8   2     
  4               
Solved puzzle: 
1 2 5 9 7 6 3 4 8 
3 6 9 4 2 8 5 1 7 
7 8 4 3 5 1 9 2 6 
2 5 3 8 1 7 6 9 4 
4 1 6 2 9 3 8 7 5 
8 9 7 6 4 5 1 3 2 
9 7 8 5 3 2 4 6 1 
6 3 1 7 8 4 2 5 9 
5 4 2 1 6 9 7 8 3 
------------------
Unsolved puzzle #114: 
2         1   9   
  1     3   7     
9     8       2   
            8 5   
  6   4           
        7       3 
  2   3       6   
      5           
1   9       2   5 
Solved puzzle: 
2 8 3 7 4 1 5 9 6 
6 1 5 2 3 9 7 4 8 
9 7 4 8 6 5 3 2 1 
3 9 7 1 2 6 8 5 4 
8 6 1 4 5 3 9 7 2 
4 5 2 9 7 8 6 1 3 
5 2 8 3 9 4 1 6 7 
7 3 6 5 1 2 4 8 9 
1 4 9 6 8 7 2 3 5 
------------------
Unsolved puzzle #115: 
    7     8       
    6   2   3     
  3             9 
  1     5     6   
        1         
  7   9         2 
                4 
  8 3     4       
2 6         5 1   
Solved puzzle: 
9 5 7 6 3 8 4 2 1 
1 4 6 7 2 9 3 8 5 
8 3 2 5 4 1 6 7 9 
4 1 9 3 5 2 7 6 8 
6 2 8 4 1 7 9 5 3 
3 7 5 9 8 6 1 4 2 
7 9 1 2 6 5 8 3 4 
5 8 3 1 7 4 2 9 6 
2 6 4 8 9 3 5 1 7 
------------------
Unsolved puzzle #116: 
      3 6         
8 5               
9   4     8       
          6 8     
              1 7 
    9     4 5     
  1   5       6   
4         9     2 
          3       
Solved puzzle: 
1 2 7 3 6 5 4 8 9 
8 5 3 4 9 1 2 7 6 
9 6 4 2 7 8 3 5 1 
2 3 1 7 5 6 8 9 4 
5 4 8 9 3 2 6 1 7 
6 7 9 1 8 4 5 2 3 
3 1 2 5 4 7 9 6 8 
4 8 5 6 1 9 7 3 2 
7 9 6 8 2 3 1 4 5 
------------------
Unsolved puzzle #117: 
3 4   6           
    7             
  2     8   5 7   
          5       
  7     1     2   
      4           
  3 6   2     1   
            9     
          7   8 2 
Solved puzzle: 
3 4 5 6 7 1 2 9 8 
9 8 7 2 5 3 1 4 6 
6 2 1 9 8 4 5 7 3 
2 6 4 7 9 5 8 3 1 
5 7 3 8 1 6 4 2 9 
1 9 8 4 3 2 6 5 7 
8 3 6 5 2 9 7 1 4 
7 1 2 3 4 8 9 6 5 
4 5 9 1 6 7 3 8 2 
------------------
Unsolved puzzle #118: 
            4   1 
8     2           
      6   7       
      8       6   
  4         3     
  1               
6             2   
  5     1         
7       3         
Solved puzzle: 
2 6 5 3 8 9 4 7 1 
8 7 4 2 5 1 6 9 3 
1 9 3 6 4 7 8 5 2 
3 2 7 8 9 4 1 6 5 
9 4 6 1 2 5 3 8 7 
5 1 8 7 6 3 2 4 9 
6 3 1 5 7 8 9 2 4 
4 5 2 9 1 6 7 3 8 
7 8 9 4 3 2 5 1 6 
------------------
Unsolved puzzle #119: 
  4     5     6 7 
      1       4   
      2           
1     8     3     
            2     
  6               
        4     5   
3           8     
2                 
Solved puzzle: 
8 4 2 3 5 9 1 6 7 
5 7 3 1 8 6 9 4 2 
6 1 9 2 7 4 5 3 8 
1 2 7 8 6 5 3 9 4 
4 3 5 7 9 1 2 8 6 
9 6 8 4 2 3 7 1 5 
7 8 1 9 4 2 6 5 3 
3 5 4 6 1 7 8 2 9 
2 9 6 5 3 8 4 7 1 
------------------
Unsolved puzzle #120: 
              4   
    2     4     1 
  7     5     9   
    3     7       
  4     6         
6     1     8     
  2         1     
8 5   9       6   
        8       3 
Solved puzzle: 
5 3 8 2 1 9 7 4 6 
9 6 2 8 7 4 5 3 1 
1 7 4 3 5 6 2 9 8 
2 8 3 4 9 7 6 1 5 
7 4 1 5 6 8 3 2 9 
6 9 5 1 2 3 8 7 4 
3 2 9 6 4 5 1 8 7 
8 5 7 9 3 1 4 6 2 
4 1 6 7 8 2 9 5 3 
------------------
Unsolved puzzle #121: 
8     7         4 
  5         6     
                  
  3   9 7       8 
        4 3     5 
        2   9     
    6             
2       6       7 
  7 1     8 3   2 
Solved puzzle: 
8 6 3 7 5 1 2 9 4 
9 5 7 4 3 2 6 8 1 
1 2 4 6 8 9 5 7 3 
5 3 2 9 7 6 1 4 8 
6 1 9 8 4 3 7 2 5 
7 4 8 1 2 5 9 3 6 
3 8 6 2 1 7 4 5 9 
2 9 5 3 6 4 8 1 7 
4 7 1 5 9 8 3 6 2 
------------------
Unsolved puzzle #122: 
  8       4   5   
      7     3     
                  
  1     8 5       
6           2     
        4         
3   2 6           
              4 1 
7                 
Solved puzzle: 
9 8 6 3 2 4 1 5 7 
1 2 4 7 5 9 3 6 8 
5 3 7 8 6 1 4 2 9 
4 1 3 2 8 5 9 7 6 
6 9 5 1 7 3 2 8 4 
2 7 8 9 4 6 5 1 3 
3 4 2 6 1 7 8 9 5 
8 6 9 5 3 2 7 4 1 
7 5 1 4 9 8 6 3 2 
------------------
Unsolved puzzle #123: 
1         7   9   
  3     2       8 
    9 6     5     
    5 3     9     
  1     8       2 
6         4       
3             1   
  4             7 
    7       3     
Solved puzzle: 
1 6 2 8 5 7 4 9 3 
5 3 4 1 2 9 6 7 8 
7 8 9 6 4 3 5 2 1 
4 7 5 3 1 2 9 8 6 
9 1 3 5 8 6 7 4 2 
6 2 8 7 9 4 1 3 5 
3 5 6 4 7 8 2 1 9 
2 4 1 9 3 5 8 6 7 
8 9 7 2 6 1 3 5 4 
------------------
Unsolved puzzle #124: 
    5 3           
8             2   
  7     1   5     
4         5 3     
  1     7       6 
    3 2       8   
  6   5         9 
    4         3   
          9 7     
Solved puzzle: 
1 4 5 3 2 7 6 9 8 
8 3 9 6 5 4 1 2 7 
6 7 2 9 1 8 5 4 3 
4 9 6 1 8 5 3 7 2 
2 1 8 4 7 3 9 5 6 
7 5 3 2 9 6 4 8 1 
3 6 7 5 4 2 8 1 9 
9 8 4 7 6 1 2 3 5 
5 2 1 8 3 9 7 6 4 
------------------
Unsolved puzzle #125: 
                  
  1   6 2     9   
    2     9 3 1   
    4     6   8   
    8 7   2 1     
  3   8     5     
  6 9 1     4     
  8     7 3   5   
                  
Solved puzzle: 
9 4 5 3 1 7 2 6 8 
8 1 3 6 2 5 7 9 4 
6 7 2 4 8 9 3 1 5 
1 2 4 5 3 6 9 8 7 
5 9 8 7 4 2 1 3 6 
7 3 6 8 9 1 5 4 2 
2 6 9 1 5 8 4 7 3 
4 8 1 2 7 3 6 5 9 
3 5 7 9 6 4 8 2 1 
------------------
Unsolved puzzle #126: 
  2 1   7       6 
3   9       5     
          1       
1 3       8       
  8 4       9     
    6       3 4   
          6   8 7 
          3 6     
7       8     9   
Solved puzzle: 
8 2 1 5 7 9 4 3 6 
3 4 9 8 6 2 5 7 1 
6 5 7 3 4 1 8 2 9 
1 3 2 4 9 8 7 6 5 
5 8 4 6 3 7 9 1 2 
9 7 6 1 2 5 3 4 8 
4 1 3 9 5 6 2 8 7 
2 9 8 7 1 3 6 5 4 
7 6 5 2 8 4 1 9 3 
------------------
Unsolved puzzle #127: 
8 5       2 4     
7 2             9 
    4             
      1   7     2 
3   5       9     
  4               
        8     7   
  1 7             
        3 6   4   
Solved puzzle: 
8 5 9 6 1 2 4 3 7 
7 2 3 8 5 4 1 6 9 
1 6 4 3 7 9 5 2 8 
9 8 6 1 4 7 3 5 2 
3 7 5 2 6 8 9 1 4 
2 4 1 5 9 3 7 8 6 
4 3 2 9 8 1 6 7 5 
6 1 7 4 2 5 8 9 3 
5 9 8 7 3 6 2 4 1 
------------------
Unsolved puzzle #128: 
                  
          3   8 5 
    1   2         
      5   7       
    4       1     
  9               
5             7 3 
    2   1         
        4       9 
Solved puzzle: 
9 8 7 6 5 4 3 2 1 
2 4 6 1 7 3 9 8 5 
3 5 1 9 2 8 7 4 6 
1 2 8 5 3 7 6 9 4 
6 3 4 8 9 2 1 5 7 
7 9 5 4 6 1 8 3 2 
5 1 9 2 8 6 4 7 3 
4 7 2 3 1 9 5 6 8 
8 6 3 7 4 5 2 1 9 
------------------