1. 0.0010099411010742188
2. 0.0008740425109863281
3. 0.001634836196899414
4. 0.0013070106506347656
5. 0.001458883285522461
6. 0.0008940696716308594
7. 0.0008871555328369141
8. 0.0013918876647949219
9. 0.0008978843688964844
10. 0.0018770694732666016
11. 0.0009319782257080078
12. 0.007586956024169922
13. 0.024094104766845703
14. 0.05382108688354492
15. 0.01771092414855957
16. 0.01042318344116211
17. 0.13571691513061523
18. 0.025254011154174805
19. 0.030966997146606445
20. 0.06896495819091797
21. 0.11484909057617188
22. 0.022881031036376953
23. 0.0290830135345459
24. 0.09661293029785156
25. 0.08880805969238281
26. 0.012127876281738281
27. 0.04849505424499512
28. 0.008136987686157227
29. 0.03865694999694824
30. 0.11336088180541992
31. 0.03099203109741211
32. 0.10899806022644043
33. 0.07412099838256836
34. 0.012413978576660156
35. 0.046540021896362305
36. 0.024936914443969727
37. 0.061856985092163086
38. 0.012539148330688477
39. 0.009962797164916992
40. 0.15561294555664062
41. 0.0548250675201416
42. 0.2983388900756836
43. 0.01359701156616211
44. 0.013157129287719727
45. 0.012511968612670898
46. 0.008582115173339844
47. 0.007033824920654297
48. 0.026842832565307617
49. 0.011125802993774414
50. 0.009491920471191406
51. 0.009766101837158203
52. 0.2461071014404297
53. 0.9104480743408203
54. 1.1863999366760254
55. 17.238579988479614
56. 14.454891204833984
57. 126.6435399055481
58. 24.6978759765625
59. 0.20844483375549316
60. 19.440072059631348
61. 31.3783540725708
62. 5.905885219573975
63. 0.29476118087768555
64. 0.39574408531188965
65. 11.59256386756897
66. 1.6754889488220215
67. 6.753818035125732
68. 0.28243303298950195
69. 20.770740032196045
70. 0.08449792861938477
71. 0.806603193283081
72. 41.6752188205719
73. 0.7038798332214355
74. 0.890967845916748
75. 0.8486928939819336
76. 0.34639716148376465
77. 2.073300838470459
78. 2.0856869220733643
79. 64.58783197402954
80. 0.17095208168029785
81. 1.9325571060180664
82. 0.4894721508026123
83. 0.2572348117828369
84. 0.0739741325378418
85. 45.51633810997009
86. 2.936237096786499
87. 0.42819905281066895
88. 2.514296054840088
89. 0.47753190994262695
90. 2.6891911029815674
91. 0.2559940814971924
92. 7.373833179473877
93. 5.807343006134033
94. 0.6779987812042236
95. 0.6946401596069336
96. 0.6315600872039795
97. 48.508973836898804
98. 3.058887004852295
99. 0.3338510990142822
100. 4.003135919570923
101. 2.0257160663604736
102. 0.37746095657348633
103. 0.2930748462677002
104. 0.11235594749450684
105. 0.2885420322418213
106. 0.4679880142211914
107. 0.25342392921447754
108. 0.47214794158935547
109. 0.7538669109344482
110. 0.5754349231719971
111. 1.0423130989074707
112. 1.841465950012207
113. 1.5206530094146729
114. 0.25597500801086426
115. 2.12172794342041
116. 0.012669086456298828
117. 0.45868706703186035
118. 2.150857925415039
119. 3.875839948654175
120. 1.3052921295166016
121. 0.6100928783416748
122. 18.22566509246826
123. 0.07457780838012695
124. 0.17228198051452637
125. 0.01613616943359375
126. 0.09003114700317383
127. 0.8204672336578369
128. 18.599419116973877